time,x,y,z,phi,theta,psi,x_velocity,y_velocity,z_velocity,phi_velocity,theta_velocity,psi_velocity,rotor_speed1,rotor_speed2,rotor_speed3,rotor_speed4
0.06,-5.3830564596616216e-06,7.771976167586912e-06,10.003432322210525,0.0017390129368557439,0.0015803961400271405,0.0,-0.00033087521066392506,0.0004565169711524724,0.11440517665104252,-0.0156955309928573,0.012623481172713063,0.0,440.8558182391209,441.89737395714127,442.16389466982537,440.8692667823275
0.12000000000000001,-7.182519772040869e-05,0.00010844160545952404,10.014939503116878,0.009552397802426782,0.00407663961230309,0.0,-0.0021759754122985626,0.0037966718208191814,0.2691382864271438,-0.049331034179478414,-0.003071326639806451,0.0,454.984948212636,453.72678784975466,454.918673158052,452.21759282517223
0.18,-0.0002848521410791949,0.0005296458890934052,10.033823165881092,0.009456666038868633,0.003909172612891254,0.0,-0.004907294615465409,0.010216159159773466,0.36029248131651553,-0.03195343071461888,-0.002411869603915091,0.0,433.06673039941575,433.1222441524744,434.54936775384493,436.0022664485524
0.23999999999999996,-0.0006789088512269036,0.0013711227810186452,10.059120491735731,0.016729816114012586,0.0076442262671099215,0.0,-0.008645302876085824,0.018565158063197387,0.4828963758800246,7.724331551397373e-05,-0.0252223251047205,0.0,445.94879902086876,444.0820314907769,442.04297629111863,444.67413765493495
0.3,-0.0013402790335881169,0.0028086801947762837,10.089520388332865,0.017762741175371133,0.00685385551449702,0.0,-0.013318015874587492,0.029462012861732247,0.530410917247176,-0.012295662178826307,-0.017031117228632545,0.0,420.5080635202535,421.2168593158192,420.09164772092,419.0176286593048
0.36000000000000004,-0.0023608166961664283,0.005012091720429673,10.128279964847994,0.017622857293342342,0.019082812437551055,0.0,-0.022136615293874028,0.0439565220126511,0.761434130016015,-0.00494096677274092,0.02166300464380059,0.0,475.1850229840253,478.14161234173855,477.1381081420678,477.6993092107326
0.4200000000000001,-0.00410467433296427,0.008016171837989838,10.177013445591331,0.01793614635882257,0.024053197360654366,0.0,-0.03652147151960002,0.05621995548209182,0.8629313992477224,-0.014778638028331943,-0.0005587419100955247,0.0,439.0559922201711,437.20863690354867,438.4097408346679,437.59180047244087
0.48000000000000015,-0.006882265322363016,0.01182422105774799,10.235366268698591,0.018145563418951127,0.024601699834676083,0.0,-0.05613775202249844,0.07072421786411298,1.081978272719201,-0.004447108557892978,-0.010201624464157639,0.0,473.9180043154932,473.17640595743194,474.1581648226304,474.9512330939006
0.5400000000000001,-0.010678967522341437,0.016384058264276538,10.300054736831653,0.018313903827319677,0.024556275034399278,0.0,-0.07040930431780618,0.08127946719756383,1.0743108619938149,0.0016782354591665261,-0.0030685033020416714,0.0,402.4240043032059,403.06919896825036,402.1733011168019,402.7277057889396
0.6000000000000002,-0.015520280664488113,0.02172190733041009,10.371961313840599,0.018533736436130432,0.024465263785294233,0.0,-0.0909564404285671,0.09667752604566691,1.322319982531598,-0.0034886110009466243,-0.007819762450743818,0.0,483.72678486185043,483.3689890800607,482.3515380857753,481.9612313734279
0.6600000000000003,-0.021490363943654462,0.027991966312297466,10.454164143975854,0.0411466293894609,0.026843093598601264,0.0,-0.10830465146917204,0.11466727127118677,1.4175893153437513,-0.057034705460948174,-0.027542263284843698,0.0,437.9000592979231,436.25658965663047,439.7487712761959,435.29085181957396
0.7200000000000003,-0.028538124114837107,0.035697337739543145,10.541612113113123,0.04146653110412579,0.029281499153802848,0.0,-0.1268830562871418,0.14218520776897775,1.4972314562155893,-0.037010507854028575,-0.050931480013782095,0.0,434.1714093238779,432.2041630679009,431.327313158974,433.01324478244004
0.7800000000000004,-0.03695119812944231,0.045303894909303546,10.639694485806594,0.04191425796569881,0.038270680077665986,0.0,-0.15464395470531747,0.17805076594718003,1.7717548514109749,-0.02027623785638577,-0.01409421068265045,0.0,489.51881686020596,492.2514400555514,491.7781196973748,493.0157158151853
0.8400000000000004,-0.04704180317450577,0.056900289627985934,10.74960389067167,0.04705638599788653,0.03747565101023209,0.0,-0.18161784305469186,0.20905679775598257,1.8916743203034452,-0.04912569118302497,-0.01255290470245092,0.0,445.6926990192931,445.81876007034424,448.68268487008953,446.3341875891921
0.9000000000000005,-0.058864742971626215,0.07062126380543678,10.870174738769583,0.04960971660312108,0.03691085726152199,0.0,-0.2123922412266373,0.24863292610323703,2.126925926653816,-0.07604655135277892,-0.008849268588986998,0.0,481.2780131780973,481.5583655678511,483.0375967150357,481.0011858442414
0.9600000000000005,-0.07234025239691831,0.08650851417928336,10.999347786605925,0.054638346072861665,0.04228189351278022,0.0,-0.23732456594571938,0.2813808487249945,2.1786932013722393,-0.043299757527104125,-0.036689131126364745,0.0,427.5832204799574,425.2049444609371,424.7954078622418,427.5907503637062
1.0200000000000005,-0.08749773552479045,0.10461593200890569,11.134234875221505,0.06311906041162896,0.04029239273667695,0.0,-0.26770717093892116,0.3230588928234631,2.3172206382109293,-0.008018620230553651,-0.04307220192747367,0.0,454.4693278061963,453.9567315497573,452.619363294028,455.44938403733124
1.0800000000000005,-0.10434970281581,0.12525511845233814,11.275155352699038,0.06863214256524142,0.039660960160667,0.0,-0.29397630037205436,0.36546236683501937,2.3799549217392646,-0.036065348240336866,-0.0596278848662084,0.0,431.80781539515283,430.4074143269344,431.89237146644496,429.5203993481808
1.1400000000000006,-0.12289057899978896,0.14876569468982279,11.423307022190954,0.06955959484956153,0.03614713369621647,0.0,-0.3236451528555382,0.4182790223897783,2.5580511586074004,-0.017967685145153775,-0.06384527039862269,0.0,467.7453854604429,467.4143856405734,465.9893317103411,467.401587806819
1.2000000000000006,-0.14302445344453552,0.1752519398610682,11.579136439819523,0.06894831230922627,0.03271891665443505,0.0,-0.3471491659439852,0.464527796111795,2.636093134881916,-0.026747576900127287,-0.07209839166533215,0.0,438.1270704894422,437.43697369144144,436.6299133937896,435.89682120503676
1.2600000000000007,-0.16463236812465182,0.20460108428237914,11.741071760985514,0.06898567255647325,0.05196700739842619,0.0,-0.37508541494203784,0.5137651273520314,2.761354255897428,-0.0420369495727802,-0.02009795756310604,0.0,449.30425713851065,453.4983154459839,453.8096986229718,452.5804263609882
1.3200000000000007,-0.18820311737983136,0.23685388567359156,11.909570802200694,0.07284508858468719,0.050902113228153745,0.0,-0.41048564992358555,0.5617269661615321,2.855009978801253,-0.07093628000392013,-0.01701337918478271,0.0,443.13228339797564,443.38581731366406,444.4213703021046,442.04450883694847
1.3800000000000008,-0.2138479990714313,0.27198878439247,12.082927770683064,0.07261103987929829,0.052767634909222316,0.0,-0.44450176535065855,0.6093726996513984,2.9233624515736647,-0.05013447654850519,0.0004359828217199886,0.0,435.2888760402363,436.74677737270093,434.6197506920325,436.35662729566576
1.4400000000000008,-0.2416242398240875,0.3100496301603677,12.261491379913977,0.07035246435540454,0.05282509599358409,0.0,-0.48136619859453744,0.6590526307169168,3.0284877100098613,-0.04177546165627383,0.001515544830029843,0.0,447.7836685417436,447.87146416142326,447.4558163148623,448.1344648804683
1.5000000000000009,-0.27168525854146197,0.35114778262653684,12.447613180868524,0.07192128398974873,0.05420793706415861,0.0,-0.5207875582025079,0.7110454349597682,3.1751318748477573,-0.0651225738812088,0.012824336961991839,0.0,460.91511004504883,461.80792016606557,461.966879848374,460.1207413039915
1.560000000000001,-0.30404693797694415,0.39526195311882384,12.64078694814694,0.07079542464946087,0.05512821502419474,0.0,-0.5580227822955178,0.7593052442520591,3.2637281546715267,-0.08463203506532883,0.007204136542199007,0.0,443.96153434511916,443.500026240836,445.36882892523346,443.76625112846
1.620000000000001,-0.33873810817534317,0.4423141617080904,12.840467248747629,0.0657327101958547,0.058891362032353456,0.0,-0.598711269886709,0.8085262780953868,3.391908647749092,-0.08763983297270235,0.02603279352612173,0.0,456.57029556313194,458.06999565491515,456.8056928364083,456.5599516833467
1.680000000000001,-0.37594980071937156,0.4922121444125087,13.047917526742207,0.060513018398986596,0.060617042921439435,0.0,-0.6418394983593806,0.8541470783975754,3.522716828314571,-0.09130719341948682,0.029424611914943506,0.0,458.2659838642948,458.53567358982826,458.9080410250077,458.61052360742485
1.740000000000001,-0.4158965947328527,0.5448369933591529,13.264993684966225,0.05516452505956959,0.06241085984132244,0.0,-0.6898988412474211,0.8993528174855685,3.712563712436999,-0.09663500417906538,0.026024234080275932,0.0,477.68971360028524,477.4304899866343,476.7499545193048,476.3360008114037
1.8000000000000012,-0.45834100394070754,0.5996697999196839,13.48651536854817,0.05027972301578565,0.06729662447631313,0.0,-0.7253082855630596,0.9279948343112695,3.6716159527862637,-0.08729818291860633,0.0448330129317736,0.0,403.8570281884351,405.550651408528,404.8970714059634,405.7279399509117
1.8600000000000012,-0.503346459349926,0.65640076780189,13.710728647566738,0.04711008749991219,0.07303732259035023,0.0,-0.7754390428125425,0.9626820510781552,3.80168626643195,-0.1042985151957761,0.06280371373617506,0.0,459.0102699724515,460.43585161174354,461.3121076108809,459.96067490439935
1.9200000000000013,-0.5514162739196156,0.7150849690213046,13.941802545278094,0.0408750908047919,0.07861862684687182,0.0,-0.8274515725109481,0.9927884181064125,3.9004136749010647,-0.10345191400500676,0.04680437437072564,0.0,451.71031955565593,450.42041641123376,451.9391325906929,451.9981403725527
1.9800000000000013,-0.6026703925560128,0.7754115913717707,14.177898786542949,0.03587724541865889,0.09019296893915918,0.0,-0.8820955491473594,1.0175733176417827,3.9691250887417877,-0.09254661031994985,0.0780597063967343,0.0,441.1789295674047,443.75461729002967,442.92343875507106,443.81085769999345
2.0400000000000014,-0.6572701140516208,0.8370812967356346,14.416582328515771,0.033652674390372894,0.09495406901396652,0.0,-0.9383264379953191,1.037888679437563,3.9868724030645546,-0.11376794815962829,0.0735815425554786,0.0,428.2300347425174,427.8537872766599,427.24119462814315,425.4187737416157
2.1000000000000014,-0.7158036224911778,0.9000583701704447,14.660883898419502,0.02686333777867045,0.10713976740297237,0.0,-1.0141323208422421,1.0605479636327328,4.155756240542108,-0.11738749269021097,0.04182078126540399,0.0,475.18931641872337,472.7508742361999,475.34212854710836,475.05378621599954
2.1600000000000015,-0.7794167737026301,0.9643127181338627,14.91787251691939,0.022005000350450388,0.11314397523609987,0.0,-1.1069822835311491,1.0806389658163222,4.409466015056332,-0.13482501296841626,0.020106335803662195,0.0,500.9573606391619,499.3761996545412,501.5023786013905,500.22219312184166
2.2200000000000015,-0.8479400824432275,1.0295200475293023,15.183113046411883,0.022869766275170456,0.11471974188541711,0.0,-1.177277802935072,1.0930429694885093,4.4317352094169715,-0.16882770823686385,0.012141190670462688,0.0,433.9422444379257,433.27296420129136,433.51303851573084,430.62524162162424
2.2800000000000016,-0.9208529755818532,1.095466349872849,15.450616690195012,0.012728793754733125,0.12493243892118233,0.0,-1.2541339688898672,1.104174883213064,4.484715100589113,-0.17032127308873735,-0.022815952844691685,0.0,445.0676891000562,442.19702133690447,442.597546581303,442.4469839612841
2.3400000000000016,-0.9988686764093703,1.1619055954670094,15.723591826530662,0.002550092327151532,0.1358375280855766,0.0,-1.3474451762684678,1.1093600566720765,4.6137639556749415,-0.17403473537907702,0.014380996798818869,0.0,466.47305844127425,469.36909470845603,466.9694401334651,466.65293172795566
2.4000000000000017,-1.0823618070227372,1.228434423364369,16.001829486030665,6.276899185580273,0.14140710622332175,0.0,-1.4361484638909792,1.1074060973389088,4.660532025308466,-0.1613022100735882,0.03697684756099963,0.0,441.08254978741076,442.94498934668195,443.9990003398087,445.0149085848913
2.4600000000000017,-1.1713723429429708,1.2946774079135974,16.283476796675185,6.269755341149896,0.14597929903320406,0.0,-1.5312727485357018,1.1000094488372394,4.727323160523517,-0.17998351341012975,0.05262507521207377,0.0,449.42084988466837,450.6885123665555,451.1905291778016,449.65306795816696
2.520000000000002,-1.266090171299062,1.3603285549891557,16.56850548592592,6.2589459712562885,0.1491263193844068,0.0,-1.6262790999836618,1.0873328434722398,4.773352917248422,-0.18163173717627135,0.05099744805443535,0.0,444.47462896505635,444.3429544572921,444.6477536043205,444.4811894990911
2.580000000000002,-1.3672695230915262,1.4249499573788948,16.860835092448408,6.260876428177243,0.15411703981627056,0.0,-1.7468434832591113,1.0670259025679887,4.969923160615819,-0.22208662946469193,0.03452810447651535,0.0,490.5452667229909,489.3216431102537,493.0208509858077,489.98900435101683
2.640000000000002,-1.4748743198391414,1.488483833687609,17.158747914022474,6.2475546814248215,0.17022792856343738,0.0,-1.8414012889232514,1.0496106855505278,4.960209219575503,-0.22192514734499186,-0.0077346571130613995,0.0,431.72742452784377,428.14624115079624,428.9336596681981,428.8965733109152
2.700000000000002,-1.5890309487760987,1.550596773211577,17.45977212940025,6.234399093887749,0.1716483742285666,0.0,-1.9639305397250757,1.01946160477718,5.07330288350529,-0.22766914720627537,-0.024020528573046547,0.0,469.2368933473486,467.9708524186254,469.2018669356358,468.7088134396014
2.760000000000002,-1.710309581164931,1.6106998544399185,17.766025087506712,6.221446139521312,0.1734813155926327,0.0,-2.078837589610815,0.9827390206429649,5.134713577310737,-0.23816086787513302,-0.005362560678943745,0.0,452.96126063953136,454.4595192306113,455.0264933690851,454.1337598934218
2.820000000000002,-1.8382035676094477,1.6684602254469736,18.07413230731599,6.208881249154199,0.1731944123601341,0.0,-2.1843205622744337,0.9414875131535476,5.135420859004964,-0.22492588453850754,-0.008933604905789224,0.0,435.1969421314508,434.89798994530736,435.5960651219062,436.64611624404137
2.880000000000002,-1.972180266989126,1.723669499110047,18.380729080965185,6.205262406880459,0.179391188075539,0.0,-2.282101777418868,0.8985770580781021,5.084480520698327,-0.2605752277199386,0.018315950929100103,0.0,419.0084968445645,421.3712244307673,418.72865808351213,415.5549377257662
2.940000000000002,-2.1127486872908956,1.7759369279997184,18.687702471550054,6.190909702562154,0.18068361806341482,0.0,-2.403630541482993,0.8423171977872008,5.14748424320942,-0.2742374148749506,0.022081459934352336,0.0,455.57914318307024,455.88012153355135,456.56691134534725,455.4064095600284
3.000000000000002,-2.2608100840514713,1.824465668877322,18.99922491239794,6.1757260030539864,0.18595721193463266,0.0,-2.5322618419465486,0.7738220399243896,5.23583989809154,-0.2630332437434546,-0.0009195927768779338,0.0,465.5669473836069,463.7634581358359,464.6368815811649,465.44430468211476
3.0600000000000023,-2.4167188648600497,1.8685698755799462,19.316160679275452,6.1635889147299565,0.1862314377174119,0.0,-2.6647064167690884,0.6951358333529772,5.3280123845567156,-0.24328668592049377,-0.00852016649923347,0.0,468.28155202521685,467.68991457047514,466.292125604262,467.76989746690435
3.1200000000000023,-2.581296433096259,1.9072969015214358,19.64185703838764,6.149094308167712,0.20590493114003117,0.0,-2.8232361002460244,0.5942775330252581,5.526657138269042,-0.24077952195933308,0.039509962309022775,0.0,498.3426719357276,501.84169409544387,501.5888243684273,501.7194879805209
3.1800000000000024,-2.7549143958628384,1.9402619159615697,19.974997019072557,6.141103093131168,0.22120089878600346,0.0,-2.9654377693998177,0.5039140576870514,5.577036685321316,-0.21412237301929296,-0.00109172729947697,0.0,462.3823757009673,459.1722472133299,458.1769448476926,460.2402427647553
3.2400000000000024,-2.9376573225025657,1.9674524274361431,20.31254129825402,6.132900585550445,0.22539640086844948,0.0,-3.1263142076660415,0.4017217005691818,5.673494837803869,-0.19168434175538943,0.020352525977144008,0.0,474.747486457734,476.3902615073237,475.79503544270824,477.47132721202127
3.3000000000000025,-3.1295755689760334,1.9887575796373362,20.653338382536216,6.132424762899353,0.22886100534747555,0.0,-3.271292746253367,0.3084837998304079,5.685976112010963,-0.15649228727178408,0.0027009212872909335,0.0,452.56046993951935,451.13706371759775,450.1302762417967,452.9390994215978
3.3600000000000025,-3.329374306695176,2.0050222614640276,20.991091622910346,6.123173074115293,0.22962094287121193,0.0,-3.3889265440922673,0.23298489171442577,5.572738954944122,-0.1619341376872654,-0.007053884352169767,0.0,410.5499377794458,409.6833051332596,410.33989078736784,409.8303143641008
3.4200000000000026,-3.53786394383113,2.015531127531179,21.328759665421224,6.114082109435412,0.23117216781886896,0.0,-3.5608223731063675,0.11652728081930139,5.681831580835434,-0.15439148314733567,-0.023693291230668777,0.0,482.7966836214049,481.53949515521856,482.2154831965755,482.7631048889368
3.4800000000000026,-3.7568923393176834,2.018818881081437,21.67338575434408,6.112356903445281,0.24907777366586714,0.0,-3.7417327209282023,-0.006833236201199584,5.8040598621704955,-0.12549201293200568,0.023280408125269852,0.0,486.54190109566855,490.04680348501364,488.04071292630545,490.1758886967472
3.5400000000000027,-3.9862108211914853,2.0152870169860773,22.02175515901825,6.107446212106749,0.2526799946276723,0.0,-3.9025466619506277,-0.11120171113771785,5.807728165509244,-0.1444608627788597,0.03839248328192545,0.0,454.7880022130448,455.99730160818666,455.1882625158945,453.6517810996569
3.6000000000000028,-4.226429153528929,2.0046114167516795,22.374737968389123,6.0999172738529275,0.2554294436585822,0.0,-4.1048425923574845,-0.2452303558213148,5.95691594712411,-0.1339107121049048,0.04460500250268949,0.0,500.24474504954543,500.6976607160724,500.99833696054776,501.74898597168414
3.660000000000003,-4.477146186704141,1.9869489394413509,22.730121033035772,6.092026649344541,0.25875759584647096,0.0,-4.252802106361651,-0.3440968912302526,5.889005672708326,-0.13078442993802863,0.03447938331135716,0.0,436.3598568877384,435.5144825722743,434.95005145720773,435.1952123883187
3.720000000000003,-4.736749363038871,1.963296144221131,23.08110693763011,6.085006856734811,0.2638538958162018,0.0,-4.401160119491033,-0.444828475083472,5.810337588725629,-0.12194959476348903,0.052377465950947534,0.0,432.44015690985276,433.94650605158654,431.0298961284946,431.76063488683997
3.780000000000003,-5.005130776017078,1.9336853412055153,23.426506109595945,6.083682188937832,0.26790844432153005,0.0,-4.5453739234411685,-0.5422576611688028,5.703031458087335,-0.14999293257237276,0.06170657019736955,0.0,422.3760843291385,423.18235898624016,423.92269428473224,421.48852227811244
3.840000000000003,-5.283568922316583,1.897250970521425,23.77011591985625,6.076911010309463,0.2716032756351794,0.0,-4.736213041133358,-0.6726802875854992,5.749644262300502,-0.1347972492182282,0.059775934292577174,0.0,473.69284348726546,473.5467271440522,473.3517638893828,474.501777691185
3.900000000000003,-5.572391078773737,1.853762126846674,24.112369696568802,6.078708177884151,0.27517792463354773,0.0,-4.8916490616247,-0.7767501245096997,5.6587904598575625,-0.17046039527816637,0.05868509372959128,0.0,430.48533763691853,430.39560106282295,432.10648673375243,429.0676114129002
3.960000000000003,-5.87037036342362,1.8042214645156909,24.448233542792902,6.0684779245686435,0.2810194188885289,0.0,-5.0416244664818,-0.8753143626580187,5.53657763027095,-0.17059984474665926,0.07421455017796345,0.0,419.9197645196179,421.2683679097881,418.9973940442827,418.95545121164605
4.020000000000002,-6.178548157477336,1.7478408191674153,24.78036009602762,6.061656151726515,0.28568942551758525,0.0,-5.231421935086857,-1.0044508746261274,5.533493978284663,-0.19207782877877047,0.06777034823080648,0.0,460.9900384934824,460.48423038267975,461.2320297344504,459.5028441952753
4.080000000000001,-6.498002967595424,1.6837725148394964,25.111470976660883,6.054431073178847,0.2901038710616213,0.0,-5.417529417206751,-1.131643455847121,5.502855945102669,-0.17053279345091024,0.0731447259244238,0.0,452.7660990425559,453.20196755465,452.78315340368385,454.48124276487874
4.14,-6.828348671206697,1.6122540954382174,25.4394007244974,6.044660248206235,0.29453070991931174,0.0,-5.59451410495055,-1.252976339549513,5.42765600320672,-0.16419868520917943,0.06949078301918167,0.0,439.45007232257524,439.15105819173726,440.17212568283037,440.66871771282905
4.199999999999998,-7.168674611181803,1.5339055669537547,25.760343916718817,6.035771753348278,0.2990120369733269,0.0,-5.750312229452677,-1.3592551667703876,5.270475426668652,-0.15458062995010372,0.06205607044670655,0.0,411.7191582818034,411.06440253914315,411.98420473910846,412.80716314908057
4.259999999999997,-7.52036821041505,1.4475485642587633,26.07779154689327,6.026658258600229,0.3034956499535548,0.0,-5.973198587125584,-1.5198710128966535,5.309781557052847,-0.16034276573808856,0.05122917356776538,0.0,479.2303496420703,478.40860184754445,479.19910704538904,478.7395272631562
4.319999999999996,-7.884706650925302,1.352103933502282,26.39485886923283,6.021269843148424,0.3072758294518936,0.0,-6.171864314279371,-1.6619256727457787,5.258464456045694,-0.13897610666633678,0.05931391924226924,0.0,452.3846421205412,453.0372152506703,450.5532992060182,452.2561919355443
4.379999999999995,-8.260768664533197,1.2483324774696098,26.70783511118946,6.022526295351437,0.3112807260599064,0.0,-6.364066756177655,-1.796970658453419,5.173716502707645,-0.10622339661727061,0.0506995409640725,0.0,442.57633646172536,441.86874524694065,440.59893221026164,443.28415253347845
4.439999999999993,-8.64895942131598,1.1360888373692328,27.017122459383263,6.0195490960242,0.31490027484709415,0.0,-6.576059525333882,-1.9445828655927668,5.135105285598393,-0.08720063211391443,0.05791053425760931,0.0,459.19496254743785,459.7685378696913,456.9965552655545,458.502449174259
4.499999999999992,-9.049309273608943,1.0154930761244083,27.3220129738716,6.016101858482163,0.3189819836039067,0.0,-6.769510935894095,-2.075461715223828,5.027547857510013,-0.10308513236973553,0.06532934583792425,0.0,436.1934712150244,436.8154209873697,437.71459802953314,436.3828883946184
4.559999999999991,-9.462015209189085,0.886494507647455,27.62220266918444,6.010068343190985,0.32349287052115816,0.0,-6.987877123294234,-2.2247941071520456,4.97787917618659,-0.10871668623219001,0.0556215709560988,0.0,457.5978420845929,456.82685656724954,458.296573166062,457.8393523080692
4.6199999999999894,-9.888593551106535,0.7479423306677976,27.92113226022208,6.005335156149565,0.32865118061141185,0.0,-7.231866886079297,-2.3937441810286013,4.985097622031938,-0.09521295635660443,0.06925236146530056,0.0,478.62360597756907,479.6624406621623,477.11553442412264,478.137033780233
4.679999999999988,-10.329314671829056,0.5997453069139069,28.21842692839658,6.000843829541802,0.35011944678869966,0.0,-7.460287960704923,-2.5460486740087944,4.922867007713189,-0.10857975525952923,0.11364806136774386,0.0,456.48583384560874,460.02159545922314,460.55721005289564,459.4902586082961
4.739999999999987,-10.782109582845875,0.44387613305844476,28.506628528368076,5.994802741580653,0.3639851600612447,0.0,-7.633971039426749,-2.6499299697106578,4.6836264431180865,-0.10214596293255608,0.14155156514985406,0.0,397.37507857259345,399.94133095511256,399.0453776832849,399.6211488574939
4.799999999999986,-11.249183292242586,0.278991130621789,28.789543200075748,5.988698041862353,0.37246970232569154,0.0,-7.9356980554358865,-2.846257297755291,4.744557973004469,-0.10542712926041967,0.13970564622422948,0.0,503.388748463651,503.2710478934145,504.9625288914102,504.71784688380166
4.859999999999984,-11.732455882292525,0.10381779909749247,29.07073658613463,5.982417661339557,0.38132212476773564,0.0,-8.174183149656056,-2.993082878872871,4.627473539973174,-0.10924913227205833,0.1461107766040039,0.0,449.87281106391964,450.40975818364956,450.4683270059163,450.14923494846806
4.919999999999983,-12.229595565156194,-0.07975796280718962,29.343246047142333,5.978774782253229,0.39117431553319015,0.0,-8.398066136961507,-3.12623675422402,4.45542629424164,-0.09171774588031839,0.13343345322430228,0.0,434.13752954372325,433.0914791595297,431.8676163186021,433.33470274733315
4.979999999999982,-12.740143866315046,-0.2711920833263608,29.604800641281546,5.976149564689457,0.39964929260233273,0.0,-8.621135688422195,-3.2550048638573226,4.2625125830633,-0.11154048481553845,0.12463533330900359,0.0,426.6036226079673,425.8678663789141,428.9055260031285,427.20931802654775
5.0399999999999805,-13.265796137830463,-0.47147187163343196,29.858090241907195,5.97056150113824,0.4111563758628227,0.0,-8.901434041807342,-3.4209968423994015,4.178705703034634,-0.12431558295201596,0.1454553103837642,0.0,467.02723546399426,468.6637833682339,468.5312656120053,467.5254052726145
